.Random.seed <-
c(403L, 10L, -1931496021L, 587878089L, -2042169640L, 1980078982L, 
1429679713L, -29804557L, -2009240990L, 575876308L, 967904727L, 
722249677L, 1620300644L, -1620641974L, 841797301L, 977298959L, 
1403737878L, -1146900032L, 123900291L, -262568031L, 744449936L, 
-2084701074L, 1236445721L, 1140986539L, 1247192730L, -349736356L, 
619081567L, 1704083765L, -856940340L, 1275587106L, -58194819L, 
422976887L, 162173598L, 1726693720L, 1860032699L, 1589290585L, 
1462703592L, 1615007766L, -1647617135L, -1158273981L, 1201707858L, 
-320897052L, -2107417049L, 327661181L, 1324345204L, 2142853978L, 
-713282139L, 1410599359L, -57073082L, 430878928L, 870337267L, 
180055057L, -292431296L, -145572322L, 222320873L, 293550619L, 
-1233851862L, -1464730292L, -945381617L, 1255670341L, -1530551300L, 
-1635886510L, 1525123021L, 1226043783L, 503825518L, -1884431288L, 
-559987125L, -100123735L, 1070248696L, 486872614L, 230838081L, 
10966227L, 380942466L, 1828533940L, 591557175L, 849967405L, -1489348028L, 
-707352726L, 457782229L, -187513489L, 239714422L, -1557124192L, 
-2144744349L, -1981433599L, -1994345360L, -1620185074L, 1372106873L, 
97693707L, 534200634L, 219078716L, -709113985L, 1916558549L, 
1073987820L, 445102658L, 784768413L, 430860311L, -1194070658L, 
1709560632L, -1331409893L, -1631881863L, 419341256L, -1144369162L, 
-1299467727L, -167771037L, -997266382L, 2120411524L, -787525689L, 
-1007091043L, -1859345900L, -381857606L, 1659469061L, -1645197601L, 
119868262L, -1237177616L, 868334099L, 1445041073L, 613285472L, 
-1497682946L, -2050813047L, -321620805L, 82161802L, -870788244L, 
-1226090257L, 1704424229L, 1618001372L, 1313352626L, -1723247955L, 
961735271L, 584661390L, 699879016L, 696081003L, 1057682441L, 
-714102120L, 940477894L, 1445465377L, 2113150387L, -613410526L, 
-302984428L, 1115212695L, -274312307L, 399953572L, 1195827338L, 
-491092235L, 1223162191L, -1873643946L, 1352944896L, 1170692163L, 
1073134561L, -1223711920L, -980789842L, -1285014695L, -1839107733L, 
-1635911462L, -271404644L, 2117328287L, 1342115829L, 1052769932L, 
-831284382L, 1624503101L, 680018871L, -1242134434L, -1797675624L, 
1712820475L, 643632281L, 361467176L, -573817898L, -394346415L, 
225653507L, -1883290990L, 1046229028L, -2010685721L, -180751555L, 
-1190982732L, -412157926L, -459568283L, -766372353L, -899245946L, 
2002863120L, -186501453L, 650011985L, -1596195584L, -1313634338L, 
1179157545L, 1244111835L, 1999845610L, 364320396L, 459098575L, 
-922436219L, 174728764L, -2059457774L, 1907378189L, -2043888825L, 
2090234158L, 96221320L, 173694347L, -177822359L, 435668792L, 
352438758L, -232395391L, -1786429165L, 1691246274L, 501143924L, 
-426409609L, 1620972141L, 356195588L, -729909206L, -1247685227L, 
25197103L, 1785612086L, 682276704L, -758653533L, 1205229249L, 
-2104086864L, -935294514L, -1537254087L, 97784139L, -474320134L, 
-1843076100L, 1750860863L, -232751851L, -929176020L, -668742910L, 
-309569571L, -2101804329L, -506126914L, 1231427576L, 1448547291L, 
965094969L, 219625352L, 2105698272L, 671069602L, 761759144L, 
940869260L, -1291297348L, -1985347982L, 1939354608L, 1631153732L, 
-995024808L, 54470714L, -1509183376L, -1428121540L, -186498796L, 
2016977602L, -350034208L, -651872132L, -1709377840L, -1007634014L, 
-1040705496L, -301651188L, -940807748L, 59777842L, -1116640576L, 
-1963357132L, -1928601912L, 740914362L, 1473623696L, 1792274156L, 
89455188L, 969548434L, -377427680L, 1987645900L, -1274846496L, 
633929922L, -276108248L, 1843050412L, 495594172L, -97895438L, 
-482707920L, -1234546780L, 1570835896L, 851801946L, -796004208L, 
1033382780L, 468328724L, 1644759362L, 1792160000L, 1438449084L, 
-1930788528L, 1090902306L, 998562376L, -775180276L, -401488292L, 
1481583058L, 1328961024L, -2107923116L, 1117252840L, 1186705658L, 
1399178960L, -663065812L, -88985356L, 2044688786L, -1178043040L, 
-451290100L, 1375493344L, -1403268510L, -350321496L, 1341758540L, 
-2056861828L, 503896370L, -2062155152L, 1512489796L, -1243880488L, 
96400250L, 1678104624L, -341348420L, -748211628L, -1869705150L, 
-1271853408L, -1229667652L, 1027632080L, -289833630L, 1871531752L, 
-1190892340L, -192257540L, 705609202L, -885382016L, 1867082228L, 
329452168L, 25926458L, -1639297712L, 1178078316L, -2143480428L, 
2043904082L, 809033184L, 85415116L, 314490528L, -1546014334L, 
-253400856L, -1104180500L, 1117267260L, -2053697422L, 1301721712L, 
1445493284L, 1758505016L, -788207334L, 234251472L, -425842372L, 
-1216621676L, -1800239230L, -1852953664L, -1836550596L, -213409392L, 
930019362L, -1658333944L, -1720866676L, 1512943388L, -1376365422L, 
-1712073344L, -1082507244L, 1426507560L, 429131322L, -911322672L, 
1434106220L, 1804796852L, 374245906L, -1329223712L, 1032759756L, 
-1162856224L, 23514146L, 1070150440L, 1544542732L, -244174020L, 
1441443826L, 1671144176L, -1734485436L, -2140537256L, -337135814L, 
-1463414800L, 2007261884L, 1401369876L, 1849408706L, 1512184928L, 
90891644L, -2125930544L, 1167331618L, 1081521832L, -570321012L, 
59286716L, -621855950L, 1499743808L, -797588300L, -2012695480L, 
1215149498L, -638354928L, -1980015380L, -1142734508L, 154907410L, 
1007365536L, -1884308788L, -476218784L, 727797698L, -527715544L, 
-583566932L, 1064836412L, 664886130L, 1955310896L, 619931428L, 
1308378424L, -1256814886L, 1693360016L, -1808524548L, 497048468L, 
-1754860478L, 1877112064L, 1293715516L, 732708176L, 2145182882L, 
800926536L, -913907956L, -833814820L, 1569402706L, -354158976L, 
1261779028L, -1154645016L, -675992838L, -1559997104L, -1194229972L, 
-286891148L, -2055461998L, -37948832L, 1177491340L, -1777256608L, 
-151501854L, -1635656792L, 1400786124L, 405248508L, -440698958L, 
-1124203024L, 1470342596L, 2099050840L, 42765690L, -1775813200L, 
-1438194756L, 578310228L, 1943596994L, -1793269728L, 845770940L, 
1812355664L, 1288480738L, 1751809640L, -1572876724L, 995635452L, 
1138554866L, 354673920L, -814079116L, -1535401976L, -1651740230L, 
1737448912L, -1465060372L, 352734100L, -1505272878L, 1542072160L, 
102433100L, -1755713248L, 417730434L, -378337560L, 163084346L, 
-655059217L, 529111417L, -1645705714L, -565499940L, 910069837L, 
1487885239L, -1280086720L, -904492002L, -1233315093L, -463941011L, 
154542810L, -2140218728L, -180700927L, -1451942221L, 1347197396L, 
-955680542L, 710238583L, -254328639L, 1415224390L, -129678460L, 
-1588906699L, -1279298785L, 2144024184L, -1432573098L, -272502301L, 
1243383717L, -250984894L, 2102078512L, -2063118247L, -1513415221L, 
-2040549828L, -338399126L, -2123011425L, -1662716119L, -715543618L, 
2095545004L, 42690557L, -1579954361L, 1114206256L, 1786059086L, 
-1525251717L, -541280547L, -708530422L, 539911720L, -1610174831L, 
1027057283L, -1346717820L, -1672565326L, -1901329657L, 120535377L, 
2072322262L, -690180684L, -442127931L, 2035673359L, 116512648L, 
61138598L, -939510189L, 1507387317L, 351798546L, -690659616L, 
-576068791L, -1444536965L, 202258508L, 620626394L, 462027727L, 
-1823165031L, -1612132946L, -33539396L, -1927570643L, -211572521L, 
-1012575968L, -684575106L, -167133109L, 486251085L, 2111260794L, 
-1993213768L, 1128028769L, -1094795245L, 1055321652L, 647448642L, 
1813391447L, 1032309665L, 1618390118L, -1094851484L, -154091627L, 
-1920804673L, -177084328L, 1647246454L, -1011579773L, -1867750203L, 
-1758436894L, -1862088624L, -1930380935L, 787201707L, -1836861924L, 
1742291274L, 920768831L, -18139255L, 1016887198L, 117745228L, 
1760448541L, 1957790119L, -84040496L, 667174510L, 1514103067L, 
674247293L, 393324650L, -951323384L, 1654317489L, -290671069L, 
1696543524L, -669133870L, -283471833L, -1108284815L, 2053824694L, 
1568594004L, 1725155557L, -538311441L, 1707911208L, 399703174L, 
-969599309L, -620881899L, -658695566L, 705046208L, -1282417879L, 
-524068453L, -1954079124L, -2113682822L, -1642265681L, 948934329L, 
-896755506L, -250883556L, -3802739L, 131201015L, 726342400L, 
-1847025314L, 1201496619L, -380400339L, -1315909222L, 1086025560L, 
-452647231L, 440932723L, -531017068L, -1064122590L, -79633865L, 
